1500 2815.3828
1499 2786.7198
1498 2758.4920
1497 2730.8564
1496 2703.9699
1495 2677.9893
1494 2653.0715
1493 2629.3735
1492 2607.0521
1491 2586.2641
1490 2567.1618
1489 2549.8257
1488 2534.2799
1487 2520.5469
1486 2508.6491
1485 2498.6092
1484 2490.4496
1483 2484.1929
1482 2479.8616
1481 2477.4782
1480 2477.0652
1479 2478.6453
1478 2482.2408
1477 2487.8744
1476 2495.5686
1475 2505.3458
1474 2517.2286
1473 2531.2396
1472 2547.3779
1471 2565.4447
1470 2585.1410
1469 2606.1670
1468 2628.2228
1467 2651.0088
1466 2674.2250
1465 2697.5717
1464 2720.7492
1463 2743.4576
1462 2765.3972
1461 2786.2680
1460 2805.7705
1459 2823.6047
1458 2839.4709
1457 2853.0692
1456 2864.1000
1455 2872.2634
1454 2877.3187
1453 2879.2823
1452 2878.2401
1451 2874.2781
1450 2867.4822
1449 2857.9383
1448 2845.7324
1447 2830.9505
1446 2813.6785
1445 2794.0023
1444 2772.0080
1443 2747.7814
1442 2721.4085
1441 2692.9752
1440 2662.5676
1439 2630.2715
1438 2596.1730
1437 2560.4094
1436 2523.4302
1435 2485.8018
1434 2448.0908
1433 2410.8637
1432 2374.6871
1431 2340.1274
1430 2307.7513
1429 2278.1253
1428 2251.8160
1427 2229.3899
1426 2211.4136
1425 2198.4536
1424 2191.0764
1423 2189.8487
1422 2195.3370
1421 2208.1078
1420 2228.6216
1419 2256.5563
1418 2291.2392
1417 2331.9961
1416 2378.1527
1415 2429.0348
1414 2483.9681
1413 2542.2783
1412 2603.2912
1411 2666.3326
1410 2730.7281
1409 2795.8036
1408 2860.8847
1407 2925.2972
1406 2988.3668
1405 3049.4194
1404 3107.7864
1403 3162.9960
1402 3214.8155
1401 3263.0263
1400 3307.4100
1399 3347.7482
1398 3383.8223
1397 3415.4140
1396 3442.3047
1395 3464.2761
1394 3481.1096
1393 3492.5869
1392 3498.4894
1391 3498.5987
1390 3492.6964
1389 3480.5639
1388 3461.9831
1387 3436.9541
1386 3406.1410
1385 3370.3330
1384 3330.3197
1383 3286.8904
1382 3240.8345
1381 3192.9414
1380 3144.0005
1379 3094.8011
1378 3046.1327
1377 2998.7847
1376 2953.5464
1375 2911.2072
1374 2872.5565
1373 2838.3838
1372 2809.4555
1371 2785.8994
1370 2767.1347
1369 2752.5439
1368 2741.5096
1367 2733.4142
1366 2727.6402
1365 2723.5700
1364 2720.5863
1363 2718.0714
1362 2715.4079
1361 2711.9781
1360 2707.1647
1359 2700.3501
1358 2690.9168
1357 2678.2473
1356 2661.8302
1355 2641.7919
1354 2618.4958
1353 2592.3056
1352 2563.5852
1351 2532.6983
1350 2500.0088
1349 2465.8803
1348 2430.6768
1347 2394.7620
1346 2358.4996
1345 2322.2535
1344 2286.3874
1343 2251.2652
1342 2217.2506
1341 2184.6708
1340 2153.6992
1339 2124.4687
1338 2097.1123
1337 2071.7630
1336 2048.5537
1335 2027.6173
1334 2009.0869
1333 1993.0954
1332 1979.7757
1331 1969.2609
1330 1961.6838
1329 1957.1774
1328 1955.8747
1327 1957.9084
1326 1963.2620
1325 1971.5172
1324 1982.1891
1323 1994.7927
1322 2008.8430
1321 2023.8549
1320 2039.3435
1319 2054.8238
1318 2069.8108
1317 2083.8194
1316 2096.3648
1315 2106.9617
1314 2115.1254
1313 2120.3708
1312 2122.3427
1311 2121.1931
1310 2117.1974
1309 2110.6309
1308 2101.7692
1307 2090.8876
1306 2078.2617
1305 2064.1667
1304 2048.8782
1303 2032.6715
1302 2015.8222
1301 1998.6055
1300 1981.2971
1299 1964.1722
1298 1947.4708
1297 1931.2472
1296 1915.4948
1295 1900.2073
1294 1885.3782
1293 1871.0011
1292 1857.0695
1291 1843.5770
1290 1830.5171
1289 1817.8835
1288 1805.6696
1287 1793.8690
1286 1782.4754
1285 1771.4821
1284 1760.8856
1283 1750.7045
1282 1740.9689
1281 1731.7091
1280 1722.9553
1279 1714.7377
1278 1707.0866
1277 1700.0321
1276 1693.6044
1275 1687.8339
1274 1682.7506
1273 1678.3849
1272 1674.7669
1271 1671.9267
1270 1669.8894
1269 1668.6740
1268 1668.2992
1267 1668.7837
1266 1670.1461
1265 1672.4050
1264 1675.5791
1263 1679.6870
1262 1684.7475
1261 1690.7791
1260 1697.8005
1259 1705.8303
1258 1714.8873
1257 1724.9245
1256 1735.6553
1255 1746.7383
1254 1757.8320
1253 1768.5949
1252 1778.6856
1251 1787.7625
1250 1795.4842
1249 1801.5094
1248 1805.4963
1247 1807.1038
1246 1805.9901
1245 1801.8139
1244 1794.2664
1243 1783.4102
1242 1769.5442
1241 1752.9709
1240 1733.9930
1239 1712.9131
1238 1690.0338
1237 1665.6577
1236 1640.0874
1235 1613.6255
1234 1586.5747
1233 1559.2374
1232 1531.9164
1231 1504.8988
1230 1478.4188
1229 1452.6988
1228 1427.9617
1227 1404.4300
1226 1382.3263
1225 1361.8733
1224 1343.2937
1223 1326.8101
1222 1312.6450
1221 1301.0213
1220 1292.1614
1219 1286.2752
1218 1283.2053
1217 1282.3842
1216 1283.2226
1215 1285.1312
1214 1287.5207
1213 1289.8020
1212 1291.3858
1211 1291.6828
1210 1290.1038
1209 1286.0595
1208 1278.9606
1207 1268.2179
1206 1253.3546
1205 1234.6822
1204 1212.8505
1203 1188.5101
1202 1162.3119
1201 1134.9066
1200 1106.9451
1199 1079.0782
1198 1051.9566
1197 1026.2311
1196 1002.5526
1195 981.5719
1194 963.7681
1193 948.9276
1192 936.6617
1191 926.5818
1190 918.2990
1189 911.4248
1188 905.5704
1187 900.3472
1186 895.3665
1185 890.2396
1184 884.5778
1183 877.9927
1182 870.3373
1181 862.1252
1180 853.9826
1179 846.5355
1178 840.4098
1177 836.2317
1176 834.6271
1175 836.2221
1174 841.6427
1173 851.5150
1172 866.4649
1171 887.1113
1170 913.4817
1169 944.5852
1168 979.3299
1167 1016.6240
1166 1055.3757
1165 1094.4931
1164 1132.8845
1163 1169.4579
1162 1203.1217
1161 1232.7840
1160 1257.3555
1159 1276.2767
1158 1290.1527
1157 1299.7439
1156 1305.8106
1155 1309.1132
1154 1310.4121
1153 1310.4675
1152 1310.0400
1151 1309.8897
1150 1310.7771
1149 1313.4619
1148 1318.4184
1147 1325.3773
1146 1333.9500
1145 1343.7475
1144 1354.3813
1143 1365.4626
1142 1376.6026
1141 1387.4125
1140 1397.5037
1139 1406.4875
1138 1413.9749
1137 1419.6671
1136 1423.5792
1135 1425.7953
1134 1426.3993
1133 1425.4753
1132 1423.1072
1131 1419.3791
1130 1414.3749
1129 1408.1788
1128 1400.8746
1127 1392.5463
1126 1383.2849
1125 1373.2104
1124 1362.4509
1123 1351.1346
1122 1339.3896
1121 1327.3440
1120 1315.1259
1119 1302.8634
1118 1290.6847
1117 1278.7178
1116 1267.0810
1115 1255.7724
1114 1244.7109
1113 1233.8139
1112 1222.9988
1111 1212.1829
1110 1201.2836
1109 1190.2183
1108 1178.9044
1107 1167.2593
1106 1155.1996
1105 1142.6113
1104 1129.3358
1103 1115.2113
1102 1100.0761
1101 1083.7683
1100 1066.1261
1099 1046.9878
1098 1026.1915
1097 1003.5755
1096 978.9778
1095 952.4515
1094 924.8143
1093 897.0541
1092 870.1590
1091 845.1171
1090 822.9162
1089 804.5446
1088 790.9901
1087 783.2408
1086 782.2847
1085 788.9385
1084 802.4655
1083 821.3029
1082 843.8799
1081 868.6258
1080 893.9701
1079 918.3421
1078 940.1710
1077 957.8863
1076 969.9209
1075 975.4803
1074 975.4934
1073 971.1224
1072 963.5296
1071 953.8772
1070 943.3275
1069 933.0427
1068 924.1849
1067 917.9165
1066 915.2882
1065 916.1246
1064 919.4918
1063 924.4447
1062 930.0379
1061 935.3263
1060 939.3647
1059 941.2079
1058 939.9107
1057 934.5284
1056 924.5016
1055 910.2981
1054 892.5558
1053 871.9124
1052 849.0054
1051 824.4727
1050 798.9519
1049 773.0807
1048 747.4969
1047 722.8224
1046 699.4564
1045 677.6316
1044 657.5770
1043 639.5214
1042 623.6937
1041 610.3228
1040 599.6376
1039 591.8669
1038 587.2396
1037 585.7705
1036 586.7591
1035 589.3553
1034 592.7090
1033 595.9704
1032 598.2893
1031 598.8157
1030 596.6996
1029 591.0976
1028 581.5822
1027 568.3852
1026 551.7969
1025 532.1075
1024 509.6074
1023 484.5867
1022 457.3358
1021 428.1449
1020 397.3090
1019 365.2063
1018 332.2861
1017 298.9996
1016 265.7984
1015 233.1339
1014 201.4575
1013 171.2206
1012 142.8746
1011 116.7318
1010 92.1438
1009 68.0573
1008 43.4171
1007 17.1682
1006 -11.7441
1005 -44.3750
1004 -81.7795
1003 -125.0123
1002 -174.4176
1001 -227.9085
1000 -282.8792
999 -336.7234
998 -386.8353
997 -430.6087
996 -465.4377
995 -488.7163
994 -497.8674
993 -492.4275
992 -475.4408
991 -450.2819
990 -420.3256
989 -388.9467
988 -359.5199
987 -335.4199
986 -319.9897
985 -314.6713
984 -317.9606
983 -328.1001
982 -343.3324
981 -361.8999
980 -382.0454
979 -402.0113
978 -420.0371
977 -434.2299
976 -442.5137
975 -442.7994
974 -432.9981
973 -411.0205
972 -374.7776
971 -322.1803
970 -251.2271
969 -163.3270
968 -64.3225
967 39.6474
966 142.4437
965 237.9272
964 319.9591
963 382.4003
962 419.2657
961 429.3325
960 416.9345
959 386.7198
958 343.3365
957 291.4327
956 235.6565
955 180.6560
954 130.9877
953 88.6322
952 52.7019
951 22.1592
950 -4.0335
949 -26.9137
948 -47.5192
947 -66.8876
946 -61.0654
945 -52.7426
944 -37.7485
943 -20.0305
942 -3.5362
941 8.1318
940 14.4222
939 16.3767
938 15.0509
937 11.5005
936 6.7812
935 1.9485
934 -1.9739
933 -4.5635
932 -5.9312
931 -6.2065
930 -5.5189
929 -3.9980
928 -1.7733
927 1.0228
926 4.0937
925 6.8975
924 8.8721
923 9.4554
922 8.0853
921 4.1996
920 -2.7433
919 -12.1348
918 -21.6246
917 -28.7173
916 -30.9175
915 -25.7297
914 -10.6586
913 16.5811
912 54.4194
911 97.9069
910 141.9797
909 181.5742
908 211.6264
907 227.0725
906 223.5085
905 202.4147
904 168.3635
903 125.9548
902 79.7882
901 34.4636
900 -5.4205
899 -35.8597
898 -54.3807
897 -58.7537
896 -46.7489
895 -16.1364
894 35.3136
893 109.5160
892 202.3096
891 304.0433
890 404.8684
889 494.9363
888 564.3983
887 603.4144
886 606.4027
885 578.8937
884 528.2084
883 461.6675
882 386.5918
881 310.3022
880 239.6510
879 177.1830
878 123.1235
877 77.6750
876 41.0405
875 13.4227
874 -4.9880
873 -14.7728
872 -17.7326
871 -15.7759
870 -10.8111
869 -4.7469
868 0.5089
867 3.6051
866 4.7669
865 4.4967
864 3.2970
863 1.6705
862 0.1194
861 -0.9286
860 -1.4411
859 -1.5147
858 -1.2461
857 -0.7321
856 -0.0692
855 0.6405
854 1.2671
853 1.6712
852 1.7135
851 1.2545
850 0.1550
849 -1.6251
848 -3.5838
847 -5.0348
846 -5.2919
845 -3.6690
844 0.5199
843 7.2432
842 14.2990
841 19.0766
840 18.9648
839 11.3530
838 -6.3188
837 -32.3811
836 -57.8352
835 -72.9517
834 -68.0012
833 -33.2546
832 40.4646
831 148.1682
830 269.8505
829 384.7816
828 472.2320
827 511.4720
826 486.5026
825 408.4669
824 298.1699
823 176.4281
822 64.0583
821 -18.2265
820 -59.9522
819 -69.4071
818 -56.8864
817 -32.6853
816 -7.0989
815 10.2232
814 17.1932
813 16.6307
812 11.4381
811 4.5178
810 -1.2386
809 -4.1291
808 -4.6883
807 -3.6982
806 -1.9405
805 -0.1972
804 0.8565
803 1.1958
802 1.0412
801 0.6135
800 0.1337
799 -0.1913
798 -0.3149
797 -0.2946
796 -0.1896
795 -0.0591
794 0.0391
793 0.0816
792 0.0825
791 0.0576
790 0.0227
789 -0.0064
788 -0.0205
787 -0.0226
786 -0.0170
785 -0.0079
784 0.0004
783 0.0049
782 0.0058
781 0.0045
780 0.0021
779 -0.0001
778 -0.0013
777 -0.0016
776 -0.0012
775 -0.0006
774 0.0000
773 0.0003
772 0.0004
771 0.0003
770 0.0001
769 0.0000
768 -0.0001
767 -0.0001
766 -0.0001
765 0.0000
764 0.0000
763 0.0000
762 0.0000
761 0.0000
760 0.0000
759 0.0000
758 0.0000
757 0.0000
756 0.0000
755 0.0000
754 0.0000
753 0.0000
752 0.0000
751 0.0000
750 0.0000
749 0.0000
748 0.0000
747 0.0000
746 0.0000
745 0.0000
744 0.0000
743 0.0000
742 0.0000
741 0.0000
740 0.0000
739 0.0000
738 0.0000
737 0.0000
736 0.0000
735 0.0000
734 0.0000
733 0.0000
732 0.0000
731 0.0000
730 0.0000
729 0.0000
728 0.0000
727 0.0000
726 0.0000
725 0.0000
724 0.0000
723 0.0000
722 0.0000
721 0.0000
720 0.0000
719 0.0000
718 0.0000
717 0.0000
716 0.0000
715 0.0000
714 0.0000
713 0.0000
712 0.0000
711 0.0000
710 0.0000
709 0.0000
708 0.0000
707 0.0000
706 0.0000
705 0.0000
704 0.0000
703 0.0000
702 0.0000
701 0.0000
700 0.0000
699 0.0000
698 0.0000
697 0.0000
696 0.0000
695 0.0000
694 0.0000
693 0.0000
692 0.0000
691 0.0000
690 0.0000
689 0.0000
688 0.0000
687 0.0000
686 0.0000
685 0.0000
684 0.0000
683 0.0000
682 0.0000
681 0.0000
680 0.0000
679 0.0000
678 0.0000
677 0.0000
676 0.0000
675 0.0000
674 0.0000
673 0.0000
672 0.0000
671 0.0000
670 0.0000
669 0.0000
668 0.0000
667 0.0000
666 0.0000
665 0.0000
664 0.0000
663 0.0000
662 0.0000
661 0.0000
660 0.0000
659 0.0000
658 0.0000
657 0.0000
656 0.0000
655 0.0000
654 0.0000
653 0.0000
652 0.0000
651 0.0000
650 0.0000
649 0.0000
648 0.0000
647 0.0000
646 0.0000
645 0.0000
644 0.0000
643 0.0000
642 0.0000
641 0.0000
640 0.0000
639 0.0000
638 0.0000
637 0.0000
636 0.0000
635 0.0000
634 0.0000
633 0.0000
632 0.0000
631 -0.0001
630 -0.0001
629 0.0000
628 0.0004
627 0.0005
626 0.0002
625 -0.0009
624 -0.0019
623 -0.0015
622 0.0017
621 0.0061
620 0.0059
619 -0.0045
618 -0.0210
617 -0.0234
616 0.0101
615 0.0725
614 0.0915
613 -0.0142
612 -0.2462
611 -0.3515
610 -0.0268
609 0.8204
608 1.3280
607 0.3640
606 -2.6727
605 -4.9392
604 -2.2176
603 8.8986
602 24.0049
601 34.3479
600 31.7984
599 18.2463
598 3.2849
597 -4.1431
596 -3.7992
595 -0.5589
594 1.1733
593 0.9452
592 0.0722
591 -0.3257
590 -0.2316
589 -0.0007
588 0.0867
587 0.0527
586 -0.0035
585 -0.0134
584 -0.0001
583 -0.0038
582 -0.0365
581 -0.0446
580 0.0337
579 0.1685
578 0.1659
577 -0.1756
576 -0.6281
575 -0.3651
574 1.2588
573 2.4626
572 -0.0106
571 -6.8369
570 -8.3465
569 7.5126
568 39.8295
567 66.6203
566 65.8442
565 40.7485
564 12.7155
563 -0.6562
562 -1.8900
561 0.4692
560 0.9888
559 0.3215
558 -0.2248
557 -0.2269
556 -0.0235
555 0.0716
554 0.0446
553 -0.0063
552 -0.0166
551 -0.0038
550 0.0044
549 0.0029
548 -0.0006
547 -0.0012
546 -0.0002
545 0.0003
544 0.0002
543 0.0000
542 -0.0001
541 0.0000
540 0.0000
539 0.0000
538 0.0000
537 0.0000
536 0.0000
535 0.0000
534 0.0000
533 0.0000
532 0.0000
531 0.0000
530 0.0000
529 0.0000
528 0.0000
527 0.0000
526 0.0000
525 0.0000
524 0.0000
523 0.0000
522 0.0000
521 0.0000
520 0.0000
519 0.0000
518 0.0000
517 0.0000
516 0.0000
515 0.0000
514 0.0000
513 0.0000
512 0.0000
511 0.0000
510 0.0000
509 0.0000
508 0.0000
507 0.0000
506 0.0000
505 -0.0001
504 -0.0001
503 0.0002
502 0.0004
501 -0.0005
500 -0.0014
499 0.0016
498 0.0051
497 -0.0051
496 -0.0193
495 0.0165
494 0.0720
493 -0.0516
492 -0.2682
491 0.1566
490 0.9955
489 -0.4501
488 -3.6807
487 1.2006
486 20.9164
485 48.2894
484 71.3587
483 70.7708
482 36.6863
481 0.3859
480 -7.6319
479 -0.3685
478 2.0814
477 0.1753
476 -0.5586
475 -0.0656
474 0.1240
473 -0.0048
472 -0.0289
471 0.0055
470 0.0060
469 -0.0021
468 -0.0011
467 0.0007
466 0.0001
465 -0.0002
464 0.0000
463 0.0000
462 0.0000
461 0.0000
460 0.0000
459 0.0000
458 0.0000
457 0.0000
456 0.0000
455 0.0000
454 0.0000
453 0.0000
452 0.0000
451 0.0000
450 0.0000
449 0.0000
448 0.0000
447 0.0000
446 0.0000
445 0.0000
444 0.0000
443 0.0000
442 0.0000
441 0.0000
440 0.0000
439 0.0000
438 0.0000
437 0.0000
436 0.0000
435 0.0000
434 0.0000
433 0.0000
432 0.0000
431 0.0000
430 0.0000
429 0.0000
428 0.0000
427 0.0000
426 0.0000
425 0.0000
424 0.0000
423 0.0000
422 0.0000
421 0.0000
420 0.0000
419 0.0000
418 0.0000
417 0.0000
416 0.0000
415 0.0000
414 0.0000
413 0.0000
412 0.0000
411 0.0000
410 0.0000
409 0.0000
408 0.0000
407 0.0000
406 0.0000
405 0.0000
404 0.0000
403 0.0000
402 0.0000
401 0.0000
400 0.0000
399 0.0000
398 0.0000
397 0.0000
396 0.0000
395 0.0000
394 0.0000
393 0.0000
392 0.0000
391 0.0000
390 0.0000
389 0.0000
388 0.0000
387 0.0000
386 0.0000
385 0.0000
384 0.0000
383 0.0000
382 0.0000
381 0.0000
380 0.0000
379 0.0000
378 0.0000
377 0.0000
376 0.0000
375 0.0000
374 0.0000
373 0.0000
372 0.0000
371 0.0000
370 0.0000
369 0.0000
368 0.0000
367 0.0000
366 0.0000
365 0.0000
364 0.0000
363 0.0000
362 0.0000
361 0.0000
360 0.0000
359 0.0000
358 0.0000
357 0.0000
356 0.0000
355 0.0000
354 0.0000
353 0.0000
352 0.0000
351 0.0000
350 0.0000
