31.1
30.9
30.8
30.9
30.9
30.9
31.0
30.9
30.9


30.9
30.8
30.5
30.4
30.3


30.3
30.3
30.2
30.2
30.2
30.2
30.2

30.3
30.2
30.2
30.3
30.2

1000 0.94
530
365
313
295
270


210 0.5
212 0.52
214 0.52
216 0.53
218 0.56
220 0.74
222 0.74
224 0.83
226 0.84
228 0.85
230 0.99
232 1.05
234 1.06
236 1.07
238 1.07
240 1.17
242 1.17
244 1.31
246 1.31
248 1.41
250 1.33
248 1.33
246 1.33
244 1.33
242 1.32
240 1.32
238 1.3
236 1.3
234 1.29
232 1.25
230 1.19
228 1.18
226 1.11
224 1.11
222 1
220 0.99
218 0.95
216 0.88
214 0.88
212 0.74
210 0.73
